0:7;11;24;26;31;52;74;89;
1:4;10;12;17;21;22;77;89;91;
2:5;23;91;95;96;
3:2;5;10;12;22;63;
4:2;7;10;13;17;24;33;47;61;67;
5:7;11;13;21;23;29;
6:1;4;14;22;43;45;53;70;81;
7:0;3;4;31;57;81;94;
8:1;14;21;34;44;66;89;
9:4;23;24;43;45;49;55;59;90;93;
10:1;4;15;22;23;31;38;61;75;
11:2;5;7;8;12;18;37;48;58;69;
12:1;3;7;8;16;17;23;38;56;
13:0;1;2;6;16;42;49;51;54;55;69;76;95;
14:1;3;4;9;12;30;34;42;52;54;82;
15:2;4;9;13;16;17;24;38;55;67;77;91;95;
16:10;22;29;66;70;79;
17:1;7;8;15;24;55;56;84;87;
18:5;13;16;17;21;22;73;
19:1;7;15;20;22;23;42;55;64;66;74;
20:2;5;9;11;13;14;22;28;40;48;
21:5;6;31;44;66;94;
22:3;7;10;14;16;23;26;47;52;63;87;93;
23:2;3;5;8;9;11;15;33;37;39;90;98;
24:4;7;9;14;23;27;53;54;70;
25:28;35;36;40;41;44;45;46;52;58;61;99;
26:1;35;39;44;79;91;
27:26;30;39;41;56;81;
28:27;29;40;49;50;
29:18;25;26;27;32;33;35;42;51;60;63;
30:7;38;42;44;47;72;
31:1;26;38;41;42;48;97;
32:28;34;37;41;43;46;81;87;93;99;
33:30;82;89;99;
34:2;27;37;98;
35:18;27;30;34;44;46;57;60;80;96;
36:1;17;25;29;48;70;86;
37:26;30;31;32;33;39;48;49;52;76;78;
38:18;23;26;28;31;40;44;45;46;58;
39:22;27;32;34;47;73;74;95;
40:11;26;29;38;45;47;77;
41:33;38;39;44;47;62;
42:4;32;34;45;47;60;63;83;
43:31;37;38;42;71;77;80;
44:27;32;39;46;48;61;72;74;89;98;
45:7;12;14;16;30;31;32;35;39;47;55;98;
46:5;26;34;35;37;38;49;54;63;79;96;98;
47:8;12;28;40;68;
48:9;27;37;40;43;45;61;97;
49:4;24;31;34;36;62;81;85;93;
50:51;54;58;67;68;72;
51:38;48;52;61;64;66;79;81;
52:1;12;21;33;36;37;
53:5;17;24;35;42;51;61;62;64;68;69;83;
54:1;14;15;27;38;51;56;66;86;
55:0;29;50;59;64;65;68;72;97;
56:24;37;53;55;63;70;73;87;
57:8;27;35;58;59;61;94;
58:3;41;51;60;70;72;78;
59:20;24;40;58;61;64;73;75;
60:50;59;66;68;
61:16;23;27;28;42;50;53;60;64;65;66;81;82;
62:5;11;28;32;50;54;57;94;
63:21;50;51;57;60;62;64;66;80;
64:15;31;35;41;61;62;66;72;87;99;
65:9;15;17;27;38;62;63;66;67;68;69;70;
66:0;16;23;33;37;55;62;64;67;68;70;71;74;90;95;
67:13;18;28;33;42;47;50;51;52;57;59;60;63;64;66;69;86;87;98;
68:5;31;62;64;65;93;
69:7;50;53;54;63;73;
70:2;28;45;61;78;89;96;97;
71:11;26;28;37;50;52;57;58;73;74;90;
72:4;6;52;55;56;58;59;63;64;67;69;
73:28;52;56;72;74;96;
74:9;12;55;59;60;69;72;85;
75:14;16;32;33;65;70;78;84;89;92;93;
76:10;12;24;75;77;82;94;
77:7;9;62;86;89;90;91;99;
78:22;26;30;31;39;45;67;82;83;84;86;91;95;
79:18;41;43;53;54;75;78;92;95;
80:3;16;63;76;78;83;94;96;97;
81:41;65;69;80;87;97;
82:18;46;47;50;60;79;87;95;
83:5;20;69;77;88;93;94;95;
84:7;8;57;78;81;82;85;87;97;
85:31;55;61;69;76;81;93;94;95;
86:58;75;78;83;94;
87:3;6;32;37;41;42;67;89;90;93;95;
88:10;64;77;79;83;86;87;91;93;
89:2;29;38;41;61;84;96;98;
90:35;38;69;79;95;97;
91:6;17;21;33;65;75;76;82;
92:24;41;69;77;83;93;96;98;
93:0;1;4;67;68;82;84;90;91;99;
94:24;29;30;31;36;68;78;85;88;90;96;99;
95:11;13;26;47;76;79;85;86;92;94;98;
96:1;40;83;89;94;95;
97:5;13;36;40;53;54;76;79;86;87;99;
98:15;16;42;52;57;62;77;81;89;90;92;97;
99:6;10;11;13;43;47;56;77;81;88;94;97;98;
