0 95
0 1 10
0 2 19
0 3 14
0 4 19
0 5 24
0 6 13
0 7 19
0 8 15
0 9 7
0 10 13
0 11 10
1 17 3
1 18 21
1 4 1
1 21 22
1 7 24
1 23 19
1 24 15
1 27 11
1 11 11
1 14 16
2 17 12
2 1 11
2 19 19
2 3 19
2 20 14
2 4 3
2 22 24
2 25 2
2 10 14
2 14 4
3 4 11
3 20 21
3 5 18
3 6 1
3 7 14
3 24 3
3 8 20
3 25 6
3 9 7
3 26 7
4 16 22
4 19 25
4 5 1
4 6 13
4 7 2
4 8 13
4 25 23
4 9 6
4 11 6
4 13 22
5 17 3
5 1 4
5 19 17
5 20 24
5 23 3
5 7 7
5 8 2
5 25 25
5 27 17
5 15 14
6 1 23
6 2 22
6 19 6
6 21 23
6 23 14
6 7 19
6 8 16
6 9 5
6 11 14
6 13 23
7 18 1
7 2 15
7 21 10
7 8 4
7 24 2
7 9 8
7 10 5
7 11 10
7 14 5
8 16 7
8 1 9
8 18 8
8 22 6
8 23 13
8 24 20
8 11 24
8 27 1
8 12 3
8 15 5
9 1 4
9 2 9
9 19 4
9 23 6
9 8 20
9 10 6
9 26 19
9 27 19
9 11 23
9 12 10
10 1 18
10 18 4
10 4 21
10 5 3
10 6 17
10 23 23
10 8 16
10 11 2
11 16 11
11 17 18
11 2 5
11 3 15
11 5 1
11 27 2
11 12 23
11 14 25
12 2 13
12 35 24
12 19 6
12 36 24
12 5 3
12 23 4
12 28 12
12 30 13
12 14 25
12 15 23
13 32 23
13 33 14
13 35 2
13 37 16
13 5 9
13 23 24
13 7 14
13 28 6
13 29 10
13 31 8
14 34 20
14 35 1
14 36 2
14 5 10
14 6 12
14 28 14
14 13 22
14 30 23
14 15 25
14 31 9
15 32 9
15 2 22
15 3 9
15 19 1
15 36 10
15 37 20
15 6 23
15 22 18
15 7 9
15 29 8
16 33 17
16 37 15
16 5 15
16 6 4
16 7 19
16 27 4
16 12 9
16 13 13
16 29 20
16 14 21
17 32 19
17 36 16
17 37 3
17 22 16
17 23 10
17 24 24
17 8 15
17 9 2
17 14 12
17 30 22
18 32 6
18 17 8
18 2 22
18 35 23
18 3 16
18 6 8
18 23 14
18 24 17
18 11 8
18 12 13
19 32 17
19 1 22
19 34 4
19 35 11
19 37 8
19 24 16
19 8 20
19 25 22
19 26 25
19 11 8
20 35 21
20 6 12
20 24 5
20 26 14
20 27 5
20 11 22
20 28 24
20 12 22
20 30 24
20 14 5
21 33 18
21 3 7
21 20 17
21 4 4
21 23 21
21 8 2
21 9 24
21 27 3
21 11 4
21 14 21
22 1 7
22 34 18
22 35 1
22 4 2
22 6 2
22 10 10
22 11 15
22 28 2
22 30 16
22 14 23
23 32 17
23 33 21
23 2 2
23 35 18
23 4 17
23 7 2
23 26 11
23 11 22
23 29 16
23 31 22
24 16 10
24 4 4
24 5 9
24 6 19
24 9 14
24 26 9
24 10 9
24 12 8
24 13 21
24 30 15
25 16 12
25 1 24
25 34 7
25 36 2
25 37 5
25 7 7
25 10 21
25 14 8
25 30 2
25 31 20
26 32 19
26 17 4
26 21 18
26 37 22
26 22 21
26 25 19
26 10 16
26 11 2
26 14 17
26 15 2
27 17 3
27 2 6
27 18 8
27 35 24
27 23 7
27 25 21
27 10 3
27 28 9
27 29 10
27 31 2
28 48 25
28 32 22
28 36 6
28 7 11
28 40 8
28 41 23
28 9 14
28 45 13
28 30 18
28 31 19
28 47 25
29 48 13
29 32 22
29 1 10
29 38 14
29 22 25
29 40 12
29 42 5
29 44 6
29 14 11
29 31 22
30 16 18
30 33 24
30 2 20
30 36 9
30 37 13
30 40 22
30 9 6
30 26 10
30 13 20
30 46 3
31 33 4
31 34 16
31 2 1
31 20 22
31 5 13
31 40 13
31 41 13
31 26 14
31 44 12
31 15 23
32 34 13
32 35 21
32 36 22
32 39 5
32 8 15
32 25 14
32 41 17
32 44 6
32 14 25
32 30 6
33 49 25
33 17 20
33 34 12
33 3 17
33 37 16
33 22 21
33 40 25
33 43 16
33 12 9
33 44 10
34 1 16
34 2 3
34 35 19
34 6 21
34 40 16
34 42 13
34 10 10
34 29 13
34 13 1
34 46 7
35 16 20
35 33 12
35 37 12
35 21 24
35 40 15
35 8 11
35 28 15
35 44 20
35 46 13
35 31 13
36 33 2
36 2 21
36 34 2
36 39 1
36 42 11
36 44 5
36 13 15
36 45 18
36 29 22
36 31 22
37 32 2
37 1 7
37 34 5
37 36 21
37 39 7
37 24 1
37 43 12
37 11 25
37 29 9
37 31 12
38 32 24
38 48 17
38 17 8
38 49 22
38 50 3
38 3 19
38 54 16
38 39 24
38 58 22
38 31 25
39 48 21
39 34 18
39 35 17
39 3 22
39 54 11
39 44 24
39 12 3
39 29 23
39 30 14
39 31 17
40 32 6
40 52 17
40 36 5
40 37 13
40 21 11
40 23 18
40 24 2
40 44 22
41 33 21
41 50 25
41 2 21
41 19 21
41 4 8
41 36 15
41 53 10
41 6 18
41 54 1
41 10 17
42 48 19
42 52 18
42 4 4
42 8 17
42 11 23
42 45 2
42 13 16
42 14 15
42 30 5
42 31 10
43 52 24
43 53 25
43 5 21
43 6 24
43 8 5
43 9 16
43 41 4
43 59 6
43 11 25
43 31 14
44 2 5
44 34 25
44 51 22
44 52 16
44 37 9
44 23 12
44 10 16
44 26 12
44 28 20
45 32 24
45 48 11
45 18 7
45 22 24
45 54 2
45 56 14
45 57 5
45 59 24
45 29 15
45 30 1
46 32 2
46 2 19
46 3 7
46 4 18
46 24 16
46 56 23
46 57 2
46 25 21
46 59 20
46 29 14
47 48 21
47 50 19
47 34 15
47 36 13
47 7 24
47 39 1
47 56 11
47 43 15
47 27 19
47 45 9
48 16 10
48 3 8
48 36 11
48 20 9
48 53 13
48 54 14
48 6 3
48 10 7
48 58 2
48 59 20
49 34 16
49 3 6
49 5 15
49 22 15
49 40 25
49 58 24
49 45 14
49 30 20
49 46 16
49 15 14
50 64 25
50 17 22
50 1 8
50 2 18
50 37 3
50 21 23
50 40 5
50 25 1
50 11 20
50 60 13
51 64 17
51 1 24
51 66 3
51 35 8
51 68 17
51 52 12
51 7 13
51 25 24
51 57 7
51 43 5
52 33 7
52 67 19
52 36 23
52 69 13
52 5 22
52 6 5
52 59 7
52 46 23
52 62 5
52 47 14
53 49 18
53 4 16
53 69 23
53 22 12
53 38 22
53 40 9
53 11 15
53 44 23
53 46 15
53 47 13
54 64 1
54 33 21
54 1 4
54 52 1
54 69 20
54 55 7
54 40 24
54 9 10
54 27 13
54 61 23
55 32 2
55 65 7
55 66 9
55 51 2
55 56 1
55 59 3
55 28 5
55 61 6
55 46 12
55 31 22
56 48 13
56 17 2
56 18 9
56 50 24
56 68 13
56 4 9
56 20 12
56 27 20
56 28 10
56 63 12
57 48 25
57 16 4
57 50 23
57 69 9
57 7 8
57 56 14
57 24 13
57 41 17
57 11 15
57 63 24
58 2 2
58 18 3
58 51 24
58 68 5
58 4 10
58 20 14
58 69 21
58 55 3
58 43 14
58 44 21
59 34 6
59 67 20
59 68 18
59 53 16
59 40 20
59 10 21
59 27 22
59 29 7
59 30 10
59 47 10
60 48 7
60 2 13
60 53 18
60 55 2
60 56 8
60 58 3
60 59 13
60 27 20
60 76 15
60 61 9
61 17 21
61 18 19
61 35 18
61 3 14
61 70 3
61 38 17
61 8 4
61 41 4
61 13 22
61 79 25
62 50 21
62 20 11
62 21 15
62 40 15
62 41 4
62 58 2
62 74 22
62 59 21
62 76 7
62 45 16
63 33 17
63 34 19
63 53 11
63 38 7
63 9 6
63 73 7
63 41 16
63 75 10
63 78 18
63 14 23
64 65 11
64 67 24
64 4 5
64 5 20
64 69 12
64 22 21
64 55 4
64 43 17
64 77 21
64 47 1
65 80 25
65 51 18
65 68 2
65 52 3
65 70 12
65 56 4
65 73 17
65 43 16
65 28 8
65 15 16
66 16 24
66 19 25
66 4 15
66 22 2
66 71 16
66 59 14
66 76 3
66 28 22
66 45 20
66 79 11
67 53 14
67 71 22
67 72 18
67 25 4
67 11 24
67 27 21
67 29 25
67 46 4
67 78 3
67 31 1
68 50 16
68 66 22
68 52 17
68 20 16
68 40 23
68 25 23
68 12 15
68 61 25
68 78 14
68 46 9
69 49 10
69 50 5
69 4 13
69 5 8
69 10 11
69 75 10
69 11 18
69 44 22
69 78 10
69 15 10
70 66 9
70 2 7
70 36 8
70 52 11
70 53 6
70 88 10
70 59 7
70 76 3
70 94 24
70 79 22
71 64 2
71 34 7
71 68 23
71 53 7
71 85 18
71 87 17
71 89 9
71 42 5
71 76 1
71 63 23
72 34 1
72 35 13
72 3 24
72 36 5
72 84 7
72 24 2
72 40 7
72 91 21
72 94 9
72 31 1
73 48 22
73 2 18
73 18 13
73 51 3
73 37 6
73 88 5
73 8 10
73 90 18
73 93 22
73 47 11
74 50 22
74 84 13
74 53 12
74 89 12
74 25 18
74 73 3
74 92 7
74 44 20
74 29 18
74 94 15
75 16 19
75 81 6
75 51 13
75 36 5
75 85 7
75 54 16
75 40 3
75 10 15
75 44 22
75 94 3
76 32 22
76 65 10
76 83 19
76 19 12
76 35 22
76 23 6
76 88 3
76 41 13
76 11 24
76 30 4
77 65 9
77 70 5
77 86 8
77 55 21
77 88 4
77 25 25
77 42 3
77 28 13
77 31 5
77 63 1
78 82 19
78 36 17
78 4 24
78 5 13
78 21 2
78 70 19
78 8 2
78 88 3
78 9 20
78 29 4
79 17 3
79 1 4
79 50 20
79 19 10
79 85 16
79 6 15
79 28 4
79 29 14
79 62 23
79 47 24
80 49 19
80 84 5
80 69 25
80 5 23
80 39 22
80 40 1
80 56 21
80 58 13
80 28 14
80 62 13
81 34 11
81 4 2
81 71 1
81 87 15
81 57 12
81 90 2
81 74 18
81 77 17
81 95 18
82 49 19
82 2 10
82 4 14
82 5 5
82 85 21
82 7 8
82 11 15
82 46 17
82 95 6
83 64 6
83 66 21
83 67 18
83 84 15
83 21 7
83 86 3
83 40 7
83 9 10
83 60 14
83 95 18
84 55 8
84 71 3
84 39 1
84 24 7
84 57 14
84 90 21
84 44 5
84 95 17
85 34 25
85 66 7
85 51 24
85 8 10
85 12 23
85 94 16
85 62 15
85 95 4
86 80 4
86 65 5
86 68 19
86 25 10
86 27 4
86 60 5
86 92 5
86 95 4
87 17 25
87 2 18
87 18 15
87 36 22
87 68 9
87 6 19
87 55 13
87 77 20
87 95 2
88 80 3
88 20 23
88 56 22
88 41 20
88 14 24
88 62 5
88 95 8
88 15 16
88 79 1
89 65 22
89 66 11
89 70 24
89 40 19
89 8 4
89 57 24
89 10 6
89 44 1
89 95 11
89 47 14
90 36 14
90 21 14
90 54 19
90 55 25
90 8 12
90 59 5
90 29 23
90 14 20
90 46 15
90 95 12
91 66 18
91 68 4
91 69 7
91 53 11
91 71 6
91 55 4
91 60 9
91 95 12
91 31 12
92 2 6
92 85 23
92 6 4
92 55 19
92 91 9
92 12 18
92 93 21
92 94 5
92 95 6
93 32 14
93 80 5
93 1 17
93 4 6
93 85 18
93 25 7
93 30 12
93 95 10
94 1 19
94 82 5
94 18 10
94 84 2
94 6 8
94 39 12
94 62 16
94 95 23