3.365892544388771057e-02
4.334221407771110535e-02
1.100772432982921600e-02
2.588860690593719482e-02
5.692830681800842285e-02
5.871814861893653870e-02
1.366278622299432755e-02
1.015374530106782913e-02
4.485170543193817139e-02
1.263587921857833862e-02
6.455602496862411499e-02
1.199456863105297089e-02
5.396933108568191528e-02
2.360482886433601379e-02
4.979170486330986023e-02
1.922698318958282471e-02
1.910630986094474792e-02
1.205890346318483353e-02
5.116163939237594604e-02
3.979881107807159424e-02
4.283154010772705078e-02
2.175907790660858154e-02
2.050168812274932861e-02
2.208308689296245575e-02
2.399470843374729156e-02
2.052413672208786011e-02
1.209084503352642059e-02
1.825189590454101562e-02
3.518164902925491333e-02
1.642595790326595306e-02
2.824278175830841064e-02
1.341174542903900146e-02
2.020626328885555267e-02
2.702951431274414062e-02
2.735286206007003784e-02
4.578070715069770813e-02
5.802687257528305054e-02
3.504628315567970276e-02
1.102490630000829697e-02
4.314981028437614441e-02
1.912156306207180023e-02
4.105092585086822510e-02
8.915998041629791260e-03
1.934839226305484772e-02
1.696293428540229797e-02
1.664359681308269501e-02
2.963641658425331116e-02
4.202541708946228027e-02
4.888774827122688293e-02
2.197133749723434448e-02
2.605742029845714569e-02
5.382547900080680847e-02
4.326169192790985107e-02
4.534013941884040833e-02
2.361587993800640106e-02
5.965311080217361450e-02
2.519420534372329712e-02
1.123644784092903137e-02
5.560081452131271362e-02
3.968368843197822571e-02
5.569363385438919067e-02
1.135510019958019257e-02
2.460471168160438538e-02
4.063297808170318604e-02
5.935973301529884338e-02
1.466480456292629242e-02
4.939083755016326904e-02
4.552675411105155945e-02
1.857374422252178192e-02
1.003191154450178146e-02
4.226836562156677246e-02
1.049531251192092896e-02
5.639250203967094421e-02
5.070292577147483826e-02
2.273139357566833496e-02
8.808058500289916992e-02
4.512962698936462402e-02
1.644698344171047211e-02
1.809722743928432465e-02
1.126735936850309372e-02
1.257218141108751297e-02
8.714344352483749390e-02
4.286940395832061768e-02
1.342302188277244568e-02
6.935668736696243286e-02
2.147636748850345612e-02
5.087511986494064331e-02
5.133919790387153625e-02
4.883036017417907715e-02
1.286092866212129593e-02
1.172505225986242294e-02
4.905565083026885986e-02
4.369409382343292236e-02
5.777170136570930481e-02
2.456981875002384186e-02
5.591845512390136719e-02
1.350123900920152664e-02
5.740637704730033875e-02
4.730809107422828674e-02
7.312151137739419937e-03
4.647943004965782166e-02
1.666888594627380371e-02
4.751365631818771362e-02
2.845585159957408905e-02
2.839415706694126129e-02
1.530591119080781937e-02
5.183046683669090271e-02
1.790381222963333130e-02
4.357961937785148621e-02
9.109258651733398438e-02
8.180387318134307861e-03
1.274466980248689651e-02
5.768997967243194580e-02
2.661451697349548340e-02
4.993556812405586243e-02
1.260169036686420441e-02
2.504351548850536346e-02
6.337455660104751587e-02
5.266440659761428833e-02
1.372244022786617279e-02
4.647280648350715637e-02
1.858331449329853058e-02
1.756402105093002319e-02
1.904896460473537445e-02
4.545015096664428711e-02
2.535243704915046692e-02
5.546805635094642639e-02
1.457282435148954391e-02
2.459118328988552094e-02
5.305367335677146912e-02
4.812036827206611633e-02
1.812740415334701538e-02
5.920118466019630432e-02
1.541836746037006378e-02
5.230320617556571960e-02
4.796645045280456543e-02
1.602778770029544830e-02
1.187281124293804169e-02
1.302767824381589890e-02
1.713123917579650879e-02
5.128712579607963562e-02
4.948795586824417114e-02
5.269746109843254089e-02
5.188608914613723755e-02
4.575809091329574585e-02
2.351377345621585846e-02
1.769225299358367920e-02
1.471399608999490738e-02
1.287845429033041000e-02
3.079904057085514069e-02
3.761715814471244812e-02
2.493669278919696808e-02
1.254854816943407059e-02
5.017100647091865540e-02
1.717817410826683044e-02
1.711894944310188293e-02
4.664971306920051575e-02
4.961569607257843018e-02
1.247604470700025558e-02
5.345560982823371887e-02
1.548956986516714096e-02
2.664136886596679688e-02
1.089432835578918457e-02
1.251383684575557709e-02
2.668353170156478882e-02
4.420224204659461975e-02
4.429158568382263184e-02
5.131812766194343567e-02
1.014561951160430908e-02
1.176421344280242920e-02
5.759757012128829956e-02
3.621296957135200500e-02
1.351033058017492294e-02
5.511711537837982178e-02
4.993965849280357361e-02
3.601612523198127747e-02
4.698034003376960754e-02
1.125297229737043381e-02
4.278093203902244568e-02
1.034104172140359879e-02
2.265156805515289307e-02
4.787806794047355652e-02
5.014891177415847778e-02
4.724361002445220947e-02
5.080380663275718689e-02
1.459027733653783798e-02
1.221860945224761963e-02
2.123872004449367523e-02
2.171571552753448486e-02
1.968601159751415253e-02
3.868491947650909424e-02
5.664467811584472656e-02
2.619356475770473480e-02
5.244722589850425720e-02
1.459309738129377365e-02
1.384208910167217255e-02
5.196202173829078674e-02
5.008874088525772095e-02
2.577091194689273834e-02
1.448469515889883041e-02
9.391439147293567657e-03
3.692764043807983398e-02
1.415896788239479065e-02
4.871878027915954590e-02
4.637075215578079224e-02
9.142491966485977173e-03
5.149487033486366272e-02
1.840933971107006073e-02
4.294528812170028687e-02
2.382797375321388245e-02
1.765713654458522797e-02
6.375703215599060059e-02
2.242701686918735504e-02
4.781826213002204895e-02
1.942434906959533691e-02
4.356865957379341125e-02
4.365945607423782349e-02
1.901152543723583221e-02
1.227892655879259109e-02
2.058538980782032013e-02
5.312100797891616821e-02
5.922916904091835022e-02
6.166671402752399445e-03
1.780797913670539856e-02
1.906287483870983124e-02
1.426395215094089508e-02
1.675644516944885254e-02
1.465806923806667328e-02
4.767435789108276367e-02
1.384153775870800018e-02
2.578721009194850922e-02
9.729976765811443329e-03
2.255715616047382355e-02
4.532577469944953918e-02
1.454649958759546280e-02
4.947048425674438477e-02
6.682406179606914520e-03
5.203226208686828613e-02
1.607594452798366547e-02
1.007479242980480194e-02
1.150805968791246414e-02
4.609852656722068787e-02
1.654235646128654480e-02
1.267213188111782074e-02
1.557947415858507156e-02
4.626427963376045227e-02
1.634820550680160522e-02
9.829424321651458740e-03
4.262890294194221497e-02
5.215953662991523743e-02
1.317108981311321259e-02
1.947668753564357758e-02
5.071233958005905151e-02
1.186294015496969223e-02
5.347279459238052368e-02
4.160718247294425964e-02
5.819466337561607361e-02
5.000060796737670898e-02
5.211901292204856873e-02
1.427508331835269928e-02
4.578033834695816040e-02
4.750698059797286987e-02
2.799390442669391632e-02
4.317308962345123291e-02
2.050998248159885406e-02
2.783664129674434662e-02
5.061568692326545715e-02
1.774141751229763031e-02
7.158780843019485474e-02
1.853999495506286621e-02
2.499656938016414642e-02
5.186327546834945679e-02
5.357328429818153381e-02
2.141777612268924713e-02
4.380631819367408752e-02
4.960671067237854004e-02
5.407076701521873474e-02
2.166147902607917786e-02
1.068994216620922089e-02
1.133484300225973129e-02
2.760231681168079376e-02
2.164851687848567963e-02
1.357314176857471466e-02
5.152782797813415527e-02
5.790337175130844116e-02
1.398797519505023956e-02
1.901256479322910309e-02
2.269636653363704681e-02
2.574364095926284790e-02
5.134345963597297668e-02
1.146504469215869904e-02
1.319463457912206650e-02
3.782313689589500427e-02
2.470002882182598114e-02
1.080314349383115768e-02
2.295809052884578705e-02
3.493722155690193176e-02
4.820013791322708130e-02
1.676865480840206146e-02
5.671599879860877991e-02
9.633573703467845917e-03
4.837516322731971741e-02
4.963735863566398621e-02
6.302275508642196655e-02
1.944213174283504486e-02
5.145625397562980652e-02
1.584194041788578033e-02
4.518182575702667236e-02
1.264993008226156235e-02
1.798027195036411285e-02
6.140464544296264648e-02
1.983273215591907501e-02
1.013344060629606247e-02
2.625044807791709900e-02
1.441458612680435181e-02
2.558113075792789459e-02
5.330976098775863647e-02
1.481052488088607788e-02
1.510174758732318878e-02
4.951868578791618347e-02
5.922454595565795898e-02
2.871663495898246765e-02
1.290392410010099411e-02
1.652043126523494720e-02
2.607947401702404022e-02
2.168825641274452209e-02
5.820512771606445312e-02
4.466162249445915222e-02
1.612626388669013977e-02
1.154937501996755600e-02
2.948977611958980560e-02
1.220952440053224564e-02
1.562192756682634354e-02
4.518912360072135925e-02
4.937141388654708862e-02
4.399562254548072815e-02
4.501845687627792358e-02
4.373141005635261536e-02
4.747240990400314331e-02
2.708378806710243225e-02
5.001728236675262451e-02
1.374342478811740875e-02
1.163405366241931915e-02
1.424316503107547760e-02
2.907521463930606842e-02
7.935436442494392395e-03
1.530339848250150681e-02
1.263234484940767288e-02
5.299246683716773987e-02
4.708068817853927612e-02
2.062866836786270142e-02
6.032778695225715637e-02
5.123303830623626709e-02
3.134419769048690796e-02
3.291414305567741394e-02
5.411257222294807434e-02
5.383223295211791992e-02
5.349706858396530151e-02
1.698585413396358490e-02
4.946025833487510681e-02
2.330574207007884979e-02
4.947376623749732971e-02
1.403375435620546341e-02
4.891247674822807312e-02
3.158329427242279053e-02
1.972505450248718262e-02
5.320146679878234863e-02
1.819508895277976990e-02
1.026537735015153885e-02
9.339655749499797821e-03
3.686441108584403992e-02
1.882569119334220886e-02
2.439664304256439209e-02
4.783703014254570007e-02
1.478105597198009491e-02
1.277991384267807007e-02
1.792550459504127502e-02
1.271025184541940689e-02
5.206394940614700317e-02
1.666325144469738007e-02
4.247114807367324829e-02
6.106729432940483093e-02
2.339988574385643005e-02
3.949157893657684326e-02
1.278962101787328720e-02
1.378096453845500946e-02
4.626009240746498108e-02
4.347477108240127563e-02
1.235216110944747925e-02
4.583227261900901794e-02
2.666699327528476715e-02
2.075043693184852600e-02
4.550187289714813232e-02
1.454997062683105469e-02
4.079071432352066040e-02
1.911509782075881958e-02
4.755264520645141602e-02
1.816129684448242188e-02
1.141509320586919785e-02
5.725682154297828674e-02
9.185417741537094116e-02
3.730662167072296143e-02
4.505553096532821655e-02
5.088172480463981628e-02
2.301650308072566986e-02
5.018502101302146912e-02
3.767108917236328125e-02
4.703783616423606873e-02
4.569648951292037964e-02
2.007575891911983490e-02
9.739892557263374329e-03
3.734282031655311584e-02
1.727952808141708374e-02
1.162367593497037888e-02
1.243757177144289017e-02
4.332436993718147278e-02
2.317825891077518463e-02
1.335338875651359558e-02
2.613100409507751465e-02
1.017153728753328323e-02
1.269323565065860748e-02
2.421208657324314117e-02
5.225145816802978516e-02
2.656280063092708588e-02
4.841136932373046875e-02
5.810533091425895691e-02
8.885686285793781281e-03
4.987347498536109924e-02
4.951526597142219543e-02
1.605721935629844666e-02
1.721207424998283386e-02
5.178441107273101807e-02
2.298738248646259308e-02
1.570349559187889099e-02
5.276865512132644653e-02
2.369454503059387207e-02
1.623752154409885406e-02
5.216846987605094910e-02
2.252744324505329132e-02
5.037433281540870667e-02
8.719050884246826172e-02
2.700557373464107513e-02
2.245278097689151764e-02
1.421902887523174286e-02
1.189685985445976257e-02
5.930391699075698853e-02
1.894078589975833893e-02
1.338254660367965698e-02
4.658382758498191833e-02
5.276773124933242798e-02
5.258142203092575073e-02
1.329716481268405914e-02
3.916322067379951477e-02
5.537694692611694336e-02
4.257396236062049866e-02
3.746180608868598938e-02
9.159228764474391937e-03
2.041017636656761169e-02
4.892020672559738159e-02
5.441254377365112305e-02
4.597745463252067566e-02
1.386912353336811066e-02
2.825338765978813171e-02
2.648741193115711212e-02
5.258193612098693848e-02
2.091909386217594147e-02
4.625612497329711914e-02
4.127583652734756470e-02
1.798020116984844208e-02
5.643242597579956055e-02
1.827912032604217529e-02
1.342981122434139252e-02
1.036370638757944107e-02
1.427585352212190628e-02
2.948111109435558319e-02
1.024300977587699890e-02
5.270764231681823730e-02
4.538358375430107117e-02
4.577346891164779663e-02
5.276884511113166809e-02
1.197899784892797470e-02
5.429321154952049255e-02
9.370817802846431732e-03
5.172253400087356567e-02
1.264169253408908844e-02
3.146789222955703735e-02
6.040519848465919495e-02
4.981035739183425903e-02
5.240343511104583740e-02
4.511648416519165039e-02
5.051454529166221619e-02
1.562325097620487213e-02
1.427081692963838577e-02
5.525394156575202942e-02
5.065153539180755615e-02
5.121063441038131714e-02
1.117539592087268829e-02
1.879175752401351929e-02
4.050843790173530579e-02
4.474605992436408997e-02
4.375207051634788513e-02
3.091564215719699860e-02
4.493273049592971802e-02
5.653222650289535522e-02
5.447364598512649536e-02
4.812103509902954102e-02
4.714945331215858459e-02
2.702248841524124146e-02
1.165437046438455582e-02
4.181525483727455139e-02
1.051297038793563843e-02
5.711768195033073425e-02
4.848827049136161804e-02
3.181487321853637695e-02
9.668040089309215546e-03
5.566307529807090759e-02
5.098285153508186340e-02
1.375698763877153397e-02
5.233468487858772278e-02
4.519059136509895325e-02
1.599314808845520020e-02
6.646768003702163696e-02
2.135858498513698578e-02
5.170056968927383423e-02
4.611059278249740601e-02
4.597971215844154358e-02
5.657756328582763672e-02
1.349164545536041260e-02
4.880613461136817932e-02
1.682700403034687042e-02
4.761637747287750244e-02
4.986504092812538147e-02
5.577138438820838928e-02
4.982465505599975586e-02
1.603521220386028290e-02
5.471787974238395691e-02
2.915192022919654846e-02
1.570333540439605713e-02
2.638865821063518524e-02
9.617228060960769653e-03
4.653866216540336609e-02
4.676751792430877686e-02
2.328424155712127686e-02
1.243671495467424393e-02
5.223652347922325134e-02
3.824445605278015137e-02
2.087496779859066010e-02
1.322143804281949997e-02
1.497301738709211349e-02
1.424365118145942688e-02
1.148147601634263992e-02
1.268932502716779709e-02
1.140345167368650436e-02
2.758129313588142395e-02
2.152360230684280396e-02
1.807033084332942963e-02
1.493592932820320129e-02
1.201726030558347702e-02
4.691944643855094910e-02
4.843882098793983459e-02
4.809536784887313843e-02
4.803134873509407043e-02
1.141737960278987885e-02
1.703229919075965881e-02
1.767227426171302795e-02
5.535327270627021790e-02
1.557004638016223907e-02
4.715272411704063416e-02
1.094130519777536392e-02
5.672548338770866394e-02
1.230270974338054657e-02
9.228663519024848938e-03
4.828277230262756348e-02
5.063134431838989258e-02
5.958395078778266907e-02
3.908478468656539917e-02
2.275833114981651306e-02
9.635408408939838409e-03
4.293632134795188904e-02
1.421037223190069199e-02
2.497594989836215973e-02
3.212979435920715332e-02
4.727741330862045288e-02
4.312414675951004028e-02
4.627383500337600708e-02
4.989861696958541870e-02
1.809939369559288025e-02
1.251425035297870636e-02
5.015945062041282654e-02
2.295429259538650513e-02
2.580342628061771393e-02
7.305252365767955780e-03
7.072688639163970947e-02
1.258433051407337189e-02
1.730062998831272125e-02
2.629194036126136780e-02
2.088665030896663666e-02
1.193091552704572678e-02
5.796911194920539856e-02
1.529685128480195999e-02
4.537856951355934143e-02
1.323480252176523209e-02
2.581194788217544556e-02
1.990582607686519623e-02
9.332263842225074768e-03
1.265811081975698471e-02
1.457971148192882538e-02
2.248689159750938416e-02
4.680752754211425781e-02
2.736959420144557953e-02
4.894327372312545776e-02
2.095258980989456177e-02
1.588093861937522888e-02
2.468528412282466888e-02
2.363868430256843567e-02
4.179605469107627869e-02
1.367205940186977386e-02
3.246851637959480286e-02
4.071351140737533569e-02
5.377862975001335144e-02
5.370090529322624207e-02
2.336210757493972778e-02
4.972773417830467224e-02
3.744858875870704651e-02
5.642684549093246460e-02
1.843023858964443207e-02
1.227910816669464111e-02
4.870761185884475708e-02
4.981763660907745361e-02
5.167025327682495117e-02
1.718517392873764038e-02
1.555472426116466522e-02
1.180055551230907440e-02
5.939103662967681885e-02
5.169788002967834473e-02
1.523899380117654800e-02
6.083082407712936401e-02
5.966761335730552673e-02
5.136826261878013611e-02
1.318901591002941132e-02
5.790134891867637634e-02
3.866656124591827393e-02
1.429915614426136017e-02
2.592299319803714752e-02
2.809691056609153748e-02
2.279911376535892487e-02
4.882553592324256897e-02
1.070440653711557388e-02
6.022827327251434326e-02
1.703561656177043915e-02
1.133352052420377731e-02
5.258808657526969910e-02
5.816315114498138428e-02
5.187302827835083008e-02
8.721741847693920135e-03
1.440898049622774124e-02
1.855809986591339111e-02
1.000029034912586212e-02
5.156673118472099304e-02
1.829766854643821716e-02
2.890236303210258484e-02
4.720915481448173523e-02
1.116184797137975693e-02
1.059733424335718155e-02
2.623805031180381775e-02
5.279602110385894775e-02
2.967275865375995636e-02
4.794767871499061584e-02
9.276145137846469879e-03
1.934378780424594879e-02
1.448669750243425369e-02
1.304683834314346313e-02
5.896456539630889893e-02
2.238608524203300476e-02
1.546569168567657471e-02
5.406617000699043274e-02
1.415965054184198380e-02
5.245554819703102112e-02
7.308079302310943604e-02
3.160911425948143005e-02
4.477272927761077881e-02
1.379362680017948151e-02
2.820117585361003876e-02
2.683536708354949951e-02
1.535730529576539993e-02
4.606523737311363220e-02
1.504155527800321579e-02
1.594571769237518311e-02
3.865306824445724487e-02
3.877709433436393738e-02
2.472994662821292877e-02
7.775644212961196899e-02
4.838786646723747253e-02
4.752753302454948425e-02
8.379383943974971771e-03
4.791741445660591125e-02
1.673339866101741791e-02
5.031160637736320496e-02
4.595111310482025146e-02
1.771594025194644928e-02
1.001414749771356583e-02
1.177143212407827377e-02
3.623305633664131165e-02
1.134864520281553268e-02
8.053596131503582001e-03
2.451443299651145935e-02
4.883150383830070496e-02
2.208323590457439423e-02
5.662186071276664734e-02
4.817498102784156799e-02
5.007506161928176880e-02
1.490497216582298279e-02
5.243992060422897339e-02
1.021203305572271347e-02
9.345097467303276062e-03
4.916783422231674194e-02
2.921857871115207672e-02
4.282680526375770569e-02
1.607520133256912231e-02
1.167783513665199280e-02
1.332254521548748016e-02
1.280924677848815918e-02
1.033625286072492599e-02
4.160581156611442566e-02
5.612203478813171387e-02
1.742182858288288116e-02
2.524036727845668793e-02
5.055869743227958679e-02
4.878636822104454041e-02
3.624693304300308228e-02
2.476863935589790344e-02
1.489131990820169449e-02
4.872165247797966003e-02
4.906490072607994080e-02
6.688468158245086670e-02
2.185001410543918610e-02
5.477851629257202148e-02
2.911533601582050323e-02
3.461442515254020691e-02
1.381691079586744308e-02
2.509903162717819214e-02
1.282182615250349045e-02
2.702480554580688477e-02
2.933300472795963287e-02
2.159103192389011383e-02
1.236645970493555069e-02
2.775105275213718414e-02
4.325689002871513367e-02
3.207391500473022461e-02
3.741960600018501282e-02
5.278204008936882019e-02
1.539826206862926483e-02
1.645561307668685913e-02
5.992636829614639282e-02
4.979976639151573181e-02
4.802555963397026062e-02
1.294242870062589645e-02
1.332249492406845093e-02
7.649078965187072754e-02
5.462048947811126709e-02
2.151778712868690491e-02
2.822976186871528625e-02
4.306780919432640076e-02
5.655176565051078796e-02
1.201386004686355591e-02
5.390984565019607544e-02
5.182072147727012634e-02
1.245681475847959518e-02
9.488541632890701294e-03
4.662090539932250977e-02
7.807918637990951538e-02
5.491111800074577332e-02
4.579157382249832153e-02
1.606939919292926788e-02
2.187555469572544098e-02
6.604821979999542236e-02
4.770929366350173950e-02
2.285785600543022156e-02
4.970373958349227905e-02
2.500798739492893219e-02
1.334421336650848389e-02
5.008501932024955750e-02
2.227721922099590302e-02
2.498366869986057281e-02
1.917653158307075500e-02
4.891926795244216919e-02
4.563321545720100403e-02
1.975008845329284668e-02
2.056532539427280426e-02
4.604520648717880249e-02
5.431313440203666687e-02
4.652188345789909363e-02
4.582698270678520203e-02
4.081629961729049683e-02
4.644189029932022095e-02
4.972849786281585693e-02
5.205358937382698059e-02
1.387730706483125687e-02
4.603750631213188171e-02
4.882427677512168884e-02
3.362050279974937439e-02
4.700289294123649597e-02
4.416023567318916321e-02
4.621327668428421021e-02
5.434844270348548889e-02
5.388760566711425781e-02
5.831593275070190430e-02
4.333877190947532654e-02
9.140901267528533936e-03
3.406568616628646851e-02
1.245497260242700577e-02
5.047483742237091064e-02
3.197821229696273804e-02
7.043873518705368042e-02
4.428722709417343140e-02
5.924335122108459473e-02
1.369761303067207336e-02
5.532741546630859375e-02
8.670815266668796539e-03
2.692386694252490997e-02
2.151237614452838898e-02
1.278934255242347717e-02
5.605686828494071960e-02
2.956751361489295959e-02
1.492230594158172607e-02
5.876764655113220215e-02
6.362954527139663696e-02
2.114306204020977020e-02
4.710608720779418945e-02
1.034184172749519348e-02
1.608480885624885559e-02
2.559132315218448639e-02
5.011733248829841614e-02
5.111809819936752319e-02
4.377004131674766541e-02
2.658507414162158966e-02
6.286893784999847412e-02
5.219342187047004700e-02
5.265400931239128113e-02
3.093380853533744812e-02
2.269501797854900360e-02
5.385935679078102112e-02
1.432906184345483780e-02
4.193798825144767761e-02
5.780253931879997253e-02
2.603598497807979584e-02
5.236659571528434753e-02
5.341463163495063782e-02
4.778698459267616272e-02
1.572205498814582825e-02
4.873114451766014099e-02
5.505750328302383423e-02
4.849960282444953918e-02
1.211250573396682739e-02
4.953991249203681946e-02
5.190078169107437134e-02
8.226158097386360168e-03
4.988740012049674988e-02
4.375331848859786987e-02
4.541188105940818787e-02
5.040657892823219299e-02
1.196476817131042480e-02
4.300202056765556335e-02
1.317918859422206879e-02
9.978491812944412231e-03
4.429525136947631836e-02
1.234974898397922516e-02
5.010899901390075684e-02
4.872657731175422668e-02
1.329936739057302475e-02
5.568225681781768799e-02
4.381058737635612488e-02
5.654423683881759644e-02
6.900415569543838501e-02
4.061799496412277222e-02
4.022592306137084961e-02
5.456863716244697571e-02
2.460770308971405029e-02
5.837768688797950745e-02
8.047146350145339966e-02
4.933223128318786621e-02
4.566169530153274536e-02
4.546237364411354065e-02
3.879021108150482178e-02
5.750105902552604675e-02
5.117973685264587402e-02
1.260170154273509979e-02
2.655989117920398712e-02
6.380808353424072266e-02
4.995149001479148865e-02
1.195495948195457458e-02
2.558586373925209045e-02
1.015716232359409332e-02
4.503810778260231018e-02
1.316747814416885376e-02
5.790599435567855835e-02
2.229853719472885132e-02
1.397756207734346390e-02
5.059212446212768555e-02
5.978715792298316956e-02
1.724567823112010956e-02
5.809299647808074951e-02
1.241035666316747665e-02
1.088611781597137451e-02
1.275418605655431747e-02
2.326541021466255188e-02
6.163630634546279907e-02
3.123980946838855743e-02
5.101157724857330322e-02
4.730610176920890808e-02
4.494362697005271912e-02
1.111633609980344772e-02
5.372780561447143555e-02
4.977868497371673584e-02
4.444448649883270264e-02
5.303744599223136902e-02
5.942177772521972656e-02
4.799467325210571289e-02
1.778855733573436737e-02
1.468576397746801376e-02
1.302684657275676727e-02
1.280177012085914612e-02
5.227428674697875977e-02
1.750940270721912384e-02
4.089971259236335754e-02
5.325609818100929260e-02
1.986850984394550323e-02
4.924711957573890686e-02
3.571769967675209045e-02
4.760997742414474487e-02
1.138186082243919373e-02
6.888820230960845947e-02
2.037589251995086670e-02
1.904661580920219421e-02
4.558051377534866333e-02
5.543120205402374268e-02
2.505308948457241058e-02
5.281379818916320801e-02
4.178331419825553894e-02
5.039117857813835144e-02
5.160182714462280273e-02
4.667657986283302307e-02
3.804494813084602356e-02
3.361079469323158264e-02
5.180501192808151245e-02
1.261163875460624695e-02
4.739926382899284363e-02
5.655099451541900635e-02
5.391798540949821472e-02
3.349822014570236206e-02
1.189312245696783066e-02
1.464872900396585464e-02
1.087641064077615738e-02
1.439925283193588257e-02
5.157690867781639099e-02
4.437940195202827454e-02
6.118342652916908264e-02
4.908755049109458923e-02
5.041031911969184875e-02
4.835449531674385071e-02
1.218760665506124496e-02
5.284720286726951599e-02
1.244638487696647644e-02
1.151341572403907776e-02
1.528759486973285675e-02
1.191132795065641403e-02
1.113964244723320007e-02
4.468328878283500671e-02
2.085811458528041840e-02
1.361325196921825409e-02
9.925048798322677612e-03
2.447783015668392181e-02
5.604274570941925049e-02
1.659755408763885498e-02
1.700788550078868866e-02
1.754610240459442139e-02
2.886018157005310059e-02
1.337284874171018600e-02
4.501797631382942200e-02
4.838812723755836487e-02
1.383923832327127457e-02
1.266264449805021286e-02
1.823586039245128632e-02
4.808759689331054688e-02
9.469796903431415558e-03
4.783755540847778320e-02
3.094739280641078949e-02
1.795469969511032104e-02
3.636360913515090942e-02
2.105384133756160736e-02
1.549727376550436020e-02
6.863334774971008301e-02
4.763630405068397522e-02
4.701824858784675598e-02
5.712033063173294067e-02
5.794086307287216187e-02
1.242423802614212036e-02
4.353723302483558655e-02
1.627634279429912567e-02
1.540015451610088348e-02
