testread "example-compulsory-in.txt" "example-compulsory-out.txt"

testread "example-all-in.txt" "example-all-out.txt"

perftesting

perftest find_station_with_coord 120 1000 350;700;1000;3500;7000;10000;25000;50000;75000;100000;250000;500000;750000;1000000

perftest stations_alphabetically 120 1000 350;700;1000;3500;7000;10000;25000;50000;75000;100000;250000;500000;750000;1000000

perftest stations_distance_increasing 120 1000 350;700;1000;3500;7000;10000;25000;50000;75000;100000;250000;500000;750000;1000000

perftest station_departures_after 120 1000 350;700;1000;3500;7000;10000;25000;50000;75000;100000;250000;500000;750000;1000000

perftest station_in_regions 120 1000 350;700;1000;3500;7000;10000;25000;50000;75000;100000;250000;500000;750000;1000000

perftest all_subregions_of_region 120 1000 350;700;1000;3500;7000;10000;25000;50000;75000;100000;250000;500000;750000;1000000

perftest stations_closest_to 120 1000 350;700;1000;3500;7000;10000;25000;50000;75000;100000;250000;500000;750000;1000000

perftest remove_station 120 1000 350;700;1000;3500;7000;10000;25000;50000;75000;100000;250000;500000;750000;1000000

perftest common_parent_of_regions 120 1000 350;700;1000;3500;7000;10000;25000;50000;75000;100000;250000;500000;750000;1000000

GRADER TESTS



!!! perftest stations_distance_increasing 120 150 350;700;1000;3500;10000;35000;70000;100000;350000

!!! perftest stations_alphabetically 120 150 350;700;1000;3500;10000;35000;70000;100000;350000


perftest stations_closest_to 120 150 350;700;1000;3500;10000;35000;70000;100000;350000

perftest all_subregions_of_region 120 1000 350;700;1000;3500;7000;10000;25000;50000;75000;100000;250000;500000;750000;1000000

perftest remove_station 120 150 350;700;1000;3500;10000;35000;70000;100000;350000


read "test-09.txt"
read "test-10.txt"